9 9
* 3 7
# 3 9
# 3 8
# 2 9
# 4 9
* 9 9
* 8 8
* 7 7
* 6 6
* 9 1
* 8 2
* 7 3
* 6 4
# 8 1
# 7 1
# 6 1
@ 5 9
# 5 6
# 5 7
# 5 8
# 6 7
# 6 8
# 6 9
# 7 8
# 7 9
# 8 9
# 2 1
# 3 1
# 4 1
* 1 1
* 2 2
* 3 3
* 4 4
# 4 7
* 1 9
* 2 8
* 4 6
# 4 8
# 5 1
# 5 2
| 5 6
- 6 5
| 6 6
- 6 6
| 6 7
- 7 6
| 7 7
- 7 7
- 8 7
| 7 8
| 8 8
- 8 8
| 8 9
- 9 8
- 6 4
| 6 4
- 7 3
| 7 3
- 6 3
| 6 3
- 7 2
| 7 2
- 8 2
| 8 2
- 8 1
| 8 1
- 9 1
- 4 4
| 4 4
| 3 4
| 3 3
- 3 3
| 2 3
- 3 2
- 2 2
| 2 2
- 2 1
| 1 2
- 1 1
| 1 1
- 4 3
| 4 6
- 4 6
| 3 7
- 3 7
| 2 8
- 2 8
| 1 9
- 1 8
| 1 8
- 2 7
| 2 7
- 3 6
| 3 6
- 4 5
| 5 4
| 4 8
| 5 8
| 4 9
| 5 9
| 4 7
$ - 3 0
- 5 1
t 18
s c2RzYXNkd2Fzd2FzYXNhcw==
