9 9
# 5 4
# 6 4
# 7 4
# 6 3
# 7 3
# 8 3
# 7 2
# 6 5
* 1 2
* 2 3
* 2 4
* 3 5
* 3 4
* 4 5
* 5 8
* 6 8
* 6 9
* 7 9
* 5 9
* 2 6
* 2 5
* 1 6
* 1 4
* 1 3
* 1 5
* 3 6
* 2 7
* 1 7
* 1 8
* 2 8
* 2 9
* 3 8
* 3 9
* 4 9
* 1 9
@ 1 1
# 5 3
# 6 2
# 6 6
# 6 7
# 3 7
# 8 8
- 1 1
| 1 2
- 2 2
| 2 3
- 3 3
| 3 4
- 4 4
| 4 4
- 5 3
| 5 3
- 6 2
- 7 1
| 6 2
| 7 2
- 8 2
| 8 3
- 8 3
| 7 4
- 7 4
| 6 5
- 6 5
| 5 5
- 5 4
| 4 5
- 4 5
- 3 6
| 3 6
| 2 7
- 3 7
- 4 8
| 4 8
| 3 8
- 5 7
- 6 7
- 6 8
- 7 8
| 6 8
| 7 9
$ - 8 9
- 9 8
| 8 9
| 8 8
- 8 7
| 7 7
| 7 6
- 7 6
- 6 6
- 5 6
- 8 5
| 8 5
- 9 4
- 9 1
| 8 1
| 2 1
| 3 2
- 3 1
- 4 2
- 5 1
| 5 1
| 4 2
t 4
s c3NhYXd3ZGRzc2Rkc3NkZHd3ZGR3d2Rkd3dhYXd3YWF3d2Fhd3dhYXd3ZGR3d2Rkc3NkZHNzZGRzc2Rkd3dkZHd3ZGRhYXd3YWF3d2Fhd3dhYXd3YWF3d2Rkd3dkZHc=
