9 9
# 6 3
# 6 4
@ 6 5
* 7 5
* 8 6
* 6 7
* 7 8
# 5 5
# 3 6
* 5 6
# 2 6
# 2 7
# 6 1
# 8 1
* 4 5
* 1 9
* 9 7
* 5 1
# 6 2
| 6 5
| 4 6
- 5 7
- 6 7
| 5 4
- 6 3
| 7 4
| 7 5
| 7 6
- 3 6
- 4 8
- 5 8
- 6 8
- 7 8
| 8 3
| 2 6
| 1 7
| 8 4
| 8 6
| 8 7
| 8 5
- 8 1
| 8 2
- 6 1
- 7 2
| 7 3
- 6 2
| 5 3
: - 6 5
: | 6 6
: - 7 6
: | 7 7
: - 8 7
: | 8 8
: - 9 8
| 4 5
- 5 4
- 5 6
- 6 6
- 4 5
- 3 5
| 3 7
- 4 7
- 2 7
| 2 8
- 3 8
| 1 6
- 7 7
- 8 8
- 2 5
| 7 1
| 5 1
| 6 2
$ | 0 4
: - 1 5
: | 1 9
: - 1 8
: | 3 2
: | 1 1
: - 1 2
: | 1 2
: - 3 3
| 6 4
t 10
s d3dkZHd3ZGRhYXd3ZGRhYXd3YWFzc2Fhc3NkZHNzYWF3d2Rkc3N3d2Fhd3dh
