9 9
* 1 9
* 2 9
# 9 8
# 5 4
# 3 1
# 2 4
# 3 8
@ 9 1
# 8 4
# 4 1
# 4 8
$ - 3 9
- 1 8
- 3 8
- 4 8
- 6 8
- 7 8
- 9 8
| 6 7
| 6 6
| 6 5
| 6 4
| 6 3
| 6 2
| 6 1
| 3 8
| 3 7
| 3 6
| 3 5
| 3 4
| 3 3
| 3 2
| 3 1
: | 7 1
- 5 7
| 5 7
- 6 6
| 4 6
| 5 5
- 5 4
- 4 4
| 5 4
- 6 2
| 4 2
- 4 1
| 5 1
- 3 4
- 2 4
| 1 5
| 1 4
- 1 2
- 3 1
| 2 2
| 2 6
- 1 6
| 1 7
- 2 7
- 8 7
| 8 6
| 7 4
- 7 2
| 8 2
: - 8 4
: | 7 7
: - 7 6
: - 9 1
- 9 4
: | 7 5
| 1 1
| 6 8
: - 8 8
: - 5 8
: - 2 8
t 30
s ZHdkd2F3ZHNhd2R3YXNkd2F3ZHNhc2R3YXdkc2R3YXNkd2F3YXc=
