9 9
# 2 1
# 1 3
@ 2 2
# 3 2
# 2 4
# 4 3
# 5 4
# 6 5
# 7 6
# 8 7
# 9 8
# 3 5
# 4 6
# 5 7
# 6 8
# 7 9
# 1 2
: - 2 2
| 1 1
| 1 2
| 2 2
| 2 1
- 1 2
- 1 3
- 2 3
: | 2 3
: - 3 3
: | 3 4
: - 4 4
: | 4 5
: - 5 5
: | 5 6
: - 6 6
: | 6 7
: - 7 7
: | 7 8
: - 8 8
: | 8 9
$ - 9 9
| 1 4
- 2 4
- 3 4
- 3 1
| 3 2
| 3 3
- 4 2
| 4 3
| 4 4
- 5 3
| 5 4
| 5 5
- 6 4
| 6 5
| 6 6
- 7 5
| 7 6
| 7 7
- 8 6
| 8 7
| 8 8
- 9 7
| 2 5
- 3 5
- 4 5
| 3 6
- 4 6
- 5 6
| 4 7
- 5 7
- 6 7
| 5 8
- 6 8
- 7 8
| 6 9
- 1 1
t 15
s d3dkZHd3ZGR3d2Rkd3dkZHd3ZGR3d2Rkd3dkZHd3ZGR3d2Rkd3dkZHd3ZGR3d2Rkd3dkZHc=
