9 9
# 1 9
@ 2 2
# 4 3
# 3 5
# 6 6
# 7 4
# 7 5
# 9 1
# 2 9
| 1 2
- 2 1
- 3 4
- 2 4
| 1 4
| 1 5
| 1 7
- 2 7
- 3 7
| 3 2
| 3 3
| 3 5
| 3 6
| 1 9
- 4 7
- 4 5
- 5 5
- 6 5
| 6 6
| 6 7
- 6 7
: - 5 7
: | 1 6
: | 1 3
- 4 3
- 5 3
- 6 1
- 4 1
| 6 3
: - 5 1
: | 3 4
- 3 1
| 6 4
- 7 4
- 8 4
: | 8 3
| 8 4
| 8 2
- 8 1
- 7 1
- 6 4
: - 4 4
: | 4 5
| 4 4
: - 6 3
| 6 5
: | 6 2
| 3 7
- 7 7
| 8 8
- 8 8
: - 8 7
: | 8 6
| 8 5
| 8 7
: | 7 8
$ - 4 9
: | 7 9
: | 5 8
- 2 8
: | 1 1
t 22
s ZHdhd2FzYXdhZHdkd2RzYXdhc2FzZHNkc2R3ZHdhd2F3YWR3YXdhdw==
